0001970475190719
00020210       97047520841777000002000000012000                6719                                    6719144103071907196010970475      00                                  200000                                                      VTVCab
00020210       97047520841777000002000000077000                6724                                    6724144448071907196010970475      00                                  200000                                                      VTVCab
00020210       97047520841777000002000000025000                6716                                    6716143917071907196010970475      00                               112343845                                             NguyetTran Shop
00020210       97047520841777000002000000060000                6718                                    6718144018071907196010970475      00                               112343845                                             NguyetTran Shop
00020210       97047520841777000002000000012000                6720                                    6720144128071907196010970475      00                                  200000                                                      VTVCab
00020210       97047520841777000002000000120000                6726                                    6726144730071907196010970475      00                               112343845                                             NguyetTran Shop
00020210       97047520841777000002000000077000                6725                                    6725144530071907196010970475      00                                  200000                                                      VTVCab
00020210       97047520841777000002000000015000                6714                                    6714143741071907196010970475      00                                VNPAY001                                                        VBAN
00020210       97047520841777000002000000050000                6717                                    6717143947071907196010970475      00                               112343845                                             NguyetTran Shop
00020210       97047520841777000002000000105000                6711                                    6715143808071907196010970475      00                                VNPAY001                                                        VBAN
0009000000010           BATCH JOB155410190719
